[gd_scene format=3 uid="uid://bnnsgvpnf4gjl"]

[ext_resource type="PackedScene" uid="uid://dl6x8xoownxqs" path="res://assets/meshes/Props/crates_stacked.glb" id="1_hohow"]

[sub_resource type="BoxShape3D" id="BoxShape3D_tanhy"]
size = Vector3(0.92529297, 1.0270996, 0.9719238)

[sub_resource type="BoxShape3D" id="BoxShape3D_qtv23"]
size = Vector3(1.5184326, 0.6052246, 0.99757385)

[sub_resource type="BoxShape3D" id="BoxShape3D_g43r4"]
size = Vector3(1.4842529, 0.6052246, 0.99757385)

[sub_resource type="BoxShape3D" id="BoxShape3D_3yau6"]
size = Vector3(1.4842529, 0.6956787, 0.99757385)

[node name="crates_stacked_obj" type="StaticBody3D" unique_id=88388972]

[node name="crates_stacked2" parent="." unique_id=193837834 instance=ExtResource("1_hohow")]

[node name="CollisionShape3D" type="CollisionShape3D" parent="." unique_id=2103171729]
transform = Transform3D(0.99213433, 0, 0.12517741, 0, 1, 0, -0.12517741, 0, 0.99213433, 0.458402, 0.49139047, 0.5505033)
shape = SubResource("BoxShape3D_tanhy")

[node name="CollisionShape3D2" type="CollisionShape3D" parent="." unique_id=905667799]
transform = Transform3D(0.9872753, 0, 0.15901971, 0, 1, 0, -0.15901971, 0, 0.9872753, -0.23943657, 0.30102885, -0.4031795)
shape = SubResource("BoxShape3D_qtv23")

[node name="CollisionShape3D3" type="CollisionShape3D" parent="." unique_id=101489375]
transform = Transform3D(0.8925228, 0, 0.45100218, 0, 1, 0, -0.45100218, 0, 0.8925228, -0.22454424, 0.8904033, -0.35268545)
shape = SubResource("BoxShape3D_g43r4")

[node name="CollisionShape3D4" type="CollisionShape3D" parent="." unique_id=2066317557]
transform = Transform3D(0.954605, 0, -0.29787475, 0, 1, 0, 0.29787475, 0, 0.954605, -0.22454424, 1.5516727, -0.4008428)
shape = SubResource("BoxShape3D_3yau6")
